,D,P1,P2,P3,P4,P5,P6
D,0,2.24,5.83,7.21,7.07,5.1,2.83
P1,2.24,0,3.61,5.39,6.08,4.47,4.12
P2,5.83,3.61,0,3.16,4.47,6.08,7.28
P3,7.21,5.39,3.16,0,3.16,5.1,6.71
P4,7.07,6.08,4.47,3.16,0,2.24,5.1
P5,5.1,4.47,6.08,5.1,2.24,0,3.16
P6,2.83,4.12,7.28,6.71,5.1,3.16,0